{
    "frames": [
        {
            "fl_x": 391.95611572265625,
            "fl_y": 391.51898193359375,
            "cx": 322.07415771484375,
            "cy": 242.04022216796875,
            "w": 640,
            "h": 480,
            "k1": 0.0,
            "k2": 0.0,
            "k3": 0.0,
            "k4": 0.0,
            "p1": 0.0,
            "p2": 0.0,
            "file_path": "img/frame_00001.png",
            "depth_file_path": "depth/frame_00001.npy",
            "transform_matrix": [
                [
                    -0.971435,
                    0.201076,
                    0.126026,
                    -0.172162
                ],
                [
                    -0.090711,
                    -0.805379,
                    0.585778,
                    0.260078
                ],
                [
                    0.219284,
                    0.557614,
                    0.800613,
                    0.415852
                ],
                [
                    0.0,
                    0.0,
                    0.0,
                    1.0
                ]
            ]
        },
        {
            "fl_x": 616.5684814453125,
            "fl_y": 616.5177001953125,
            "cx": 322.56976318359375,
            "cy": 246.27505493164062,
            "w": 640,
            "h": 480,
            "k1": 0.0,
            "k2": 0.0,
            "k3": 0.0,
            "k4": 0.0,
            "p1": 0.0,
            "p2": 0.0,
            "file_path": "img/frame_00002.png",
            "depth_file_path": "depth/frame_00002.npy",
            "transform_matrix": [
                [
                    0.009733494196354647,
                    0.9748245283021932,
                    0.2227613381185275,
                    -0.08857936846880365
                ],
                [
                    -0.999396168679065,
                    0.016913857652216282,
                    -0.030348515938672938,
                    -0.06732105291169654
                ],
                [
                    -0.033352865998821715,
                    -0.22233119548935812,
                    0.9744006603840966,
                    0.6738464789346074
                ],
                [
                    0.0,
                    0.0,
                    0.0,
                    1.0
                ]
            ]
        },
        {
            "fl_x": 616.5684814453125,
            "fl_y": 616.5177001953125,
            "cx": 322.56976318359375,
            "cy": 246.27505493164062,
            "w": 640,
            "h": 480,
            "k1": 0.0,
            "k2": 0.0,
            "k3": 0.0,
            "k4": 0.0,
            "p1": 0.0,
            "p2": 0.0,
            "file_path": "img/frame_00003.png",
            "depth_file_path": "depth/frame_00003.npy",
            "transform_matrix": [
                [
                    0.08129097244784728,
                    0.974985196522441,
                    0.206871596889442,
                    -0.11738973200913841
                ],
                [
                    -0.9953824821861039,
                    0.09004564627648005,
                    -0.03324573500926946,
                    -0.09123995410889188
                ],
                [
                    -0.05104261460303838,
                    -0.20321355318174114,
                    0.977803230021821,
                    0.6624952661970706
                ],
                [
                    0.0,
                    0.0,
                    0.0,
                    1.0
                ]
            ]
        },
        {
            "fl_x": 616.5684814453125,
            "fl_y": 616.5177001953125,
            "cx": 322.56976318359375,
            "cy": 246.27505493164062,
            "w": 640,
            "h": 480,
            "k1": 0.0,
            "k2": 0.0,
            "k3": 0.0,
            "k4": 0.0,
            "p1": 0.0,
            "p2": 0.0,
            "file_path": "img/frame_00004.png",
            "depth_file_path": "depth/frame_00004.npy",
            "transform_matrix": [
                [
                    -0.016740893587488207,
                    0.9827859884479532,
                    0.18398813859070956,
                    -0.16635951369416999
                ],
                [
                    -0.9727900820180477,
                    0.026518563425851353,
                    -0.2301647511416399,
                    -0.25258314450003805
                ],
                [
                    -0.23108235622654616,
                    -0.1828348072775223,
                    0.9556007771694375,
                    0.6120049193018604
                ],
                [
                    0.0,
                    0.0,
                    0.0,
                    1.0
                ]
            ]
        },
        {
            "fl_x": 616.5684814453125,
            "fl_y": 616.5177001953125,
            "cx": 322.56976318359375,
            "cy": 246.27505493164062,
            "w": 640,
            "h": 480,
            "k1": 0.0,
            "k2": 0.0,
            "k3": 0.0,
            "k4": 0.0,
            "p1": 0.0,
            "p2": 0.0,
            "file_path": "img/frame_00005.png",
            "depth_file_path": "depth/frame_00005.npy",
            "transform_matrix": [
                [
                    -0.12582110803044852,
                    0.9849420410320113,
                    0.11856792212874788,
                    -0.2002701801120206
                ],
                [
                    -0.9453637858237848,
                    -0.08280640067756781,
                    -0.3153252092797598,
                    -0.29382536556191047
                ],
                [
                    -0.3007594018096713,
                    -0.151764211402168,
                    0.9415476373353324,
                    0.5819615176670088
                ],
                [
                    0.0,
                    0.0,
                    0.0,
                    1.0
                ]
            ]
        },
        {
            "fl_x": 616.5684814453125,
            "fl_y": 616.5177001953125,
            "cx": 322.56976318359375,
            "cy": 246.27505493164062,
            "w": 640,
            "h": 480,
            "k1": 0.0,
            "k2": 0.0,
            "k3": 0.0,
            "k4": 0.0,
            "p1": 0.0,
            "p2": 0.0,
            "file_path": "img/frame_00006.png",
            "depth_file_path": "depth/frame_00006.npy",
            "transform_matrix": [
                [
                    -0.07306664548500823,
                    0.997322780311593,
                    -0.0029337712870607137,
                    -0.29640700464272673
                ],
                [
                    -0.9353827489942638,
                    -0.06954899467416163,
                    -0.34672985973501913,
                    -0.3219755925656607
                ],
                [
                    -0.3460061195289796,
                    -0.022590025661064727,
                    0.937960601779824,
                    0.5297608456667092
                ],
                [
                    0.0,
                    0.0,
                    0.0,
                    1.0
                ]
            ]
        },
        {
            "fl_x": 616.5684814453125,
            "fl_y": 616.5177001953125,
            "cx": 322.56976318359375,
            "cy": 246.27505493164062,
            "w": 640,
            "h": 480,
            "k1": 0.0,
            "k2": 0.0,
            "k3": 0.0,
            "k4": 0.0,
            "p1": 0.0,
            "p2": 0.0,
            "file_path": "img/frame_00007.png",
            "depth_file_path": "depth/frame_00007.npy",
            "transform_matrix": [
                [
                    0.005065368762611834,
                    0.9856933480058884,
                    -0.16847253114260188,
                    -0.4256691260049257
                ],
                [
                    -0.9289379512449368,
                    -0.05773227680876767,
                    -0.36570588339200677,
                    -0.29257031597601557
                ],
                [
                    -0.37020059606402383,
                    0.1583531116189977,
                    0.9153559451054424,
                    0.5071507028384116
                ],
                [
                    0.0,
                    0.0,
                    0.0,
                    1.0
                ]
            ]
        },
        {
            "fl_x": 616.5684814453125,
            "fl_y": 616.5177001953125,
            "cx": 322.56976318359375,
            "cy": 246.27505493164062,
            "w": 640,
            "h": 480,
            "k1": 0.0,
            "k2": 0.0,
            "k3": 0.0,
            "k4": 0.0,
            "p1": 0.0,
            "p2": 0.0,
            "file_path": "img/frame_00008.png",
            "depth_file_path": "depth/frame_00008.npy",
            "transform_matrix": [
                [
                    0.09003212945356302,
                    0.9484937877432413,
                    -0.3037330939378834,
                    -0.5161294726131122
                ],
                [
                    -0.9433227484117295,
                    -0.01660163472776213,
                    -0.3314605628843218,
                    -0.23816457192837306
                ],
                [
                    -0.31943115775546643,
                    0.3163605860167235,
                    0.8932415104753748,
                    0.5030707242879743
                ],
                [
                    0.0,
                    0.0,
                    0.0,
                    1.0
                ]
            ]
        },
        {
            "fl_x": 616.5684814453125,
            "fl_y": 616.5177001953125,
            "cx": 322.56976318359375,
            "cy": 246.27505493164062,
            "w": 640,
            "h": 480,
            "k1": 0.0,
            "k2": 0.0,
            "k3": 0.0,
            "k4": 0.0,
            "p1": 0.0,
            "p2": 0.0,
            "file_path": "img/frame_00009.png",
            "depth_file_path": "depth/frame_00009.npy",
            "transform_matrix": [
                [
                    0.0838071616335928,
                    0.8982782484963016,
                    -0.4313612956120624,
                    -0.5683339672809293
                ],
                [
                    -0.9823769178801598,
                    0.001901819462436968,
                    -0.18690002227303099,
                    -0.1688017963512989
                ],
                [
                    -0.16706827174900385,
                    0.43942311205619283,
                    0.8826075614106328,
                    0.4981075813124192
                ],
                [
                    0.0,
                    0.0,
                    0.0,
                    1.0
                ]
            ]
        },
        {
            "fl_x": 616.5684814453125,
            "fl_y": 616.5177001953125,
            "cx": 322.56976318359375,
            "cy": 246.27505493164062,
            "w": 640,
            "h": 480,
            "k1": 0.0,
            "k2": 0.0,
            "k3": 0.0,
            "k4": 0.0,
            "p1": 0.0,
            "p2": 0.0,
            "file_path": "img/frame_00010.png",
            "depth_file_path": "depth/frame_00010.npy",
            "transform_matrix": [
                [
                    0.11215512048591099,
                    0.8943126473565733,
                    -0.4331583554008126,
                    -0.5947862729191431
                ],
                [
                    -0.9885731389103403,
                    0.14460145986952594,
                    0.04258439652800362,
                    -0.025697103799804683
                ],
                [
                    0.10071859075537323,
                    0.42343288326449063,
                    0.9003114469203477,
                    0.531717516083219
                ],
                [
                    0.0,
                    0.0,
                    0.0,
                    1.0
                ]
            ]
        },
        {
            "fl_x": 616.5684814453125,
            "fl_y": 616.5177001953125,
            "cx": 322.56976318359375,
            "cy": 246.27505493164062,
            "w": 640,
            "h": 480,
            "k1": 0.0,
            "k2": 0.0,
            "k3": 0.0,
            "k4": 0.0,
            "p1": 0.0,
            "p2": 0.0,
            "file_path": "img/frame_00011.png",
            "depth_file_path": "depth/frame_00011.npy",
            "transform_matrix": [
                [
                    -0.3489697051628413,
                    0.881863768338716,
                    -0.3170743470494713,
                    -0.578950241127267
                ],
                [
                    -0.9062414990878643,
                    -0.23140602627094617,
                    0.35380496826011326,
                    0.21451502060737418
                ],
                [
                    0.23863433692480215,
                    0.41081339455393767,
                    0.8799353362688713,
                    0.5093006161583369
                ],
                [
                    0.0,
                    0.0,
                    0.0,
                    1.0
                ]
            ]
        },
        {
            "fl_x": 616.5684814453125,
            "fl_y": 616.5177001953125,
            "cx": 322.56976318359375,
            "cy": 246.27505493164062,
            "w": 640,
            "h": 480,
            "k1": 0.0,
            "k2": 0.0,
            "k3": 0.0,
            "k4": 0.0,
            "p1": 0.0,
            "p2": 0.0,
            "file_path": "img/frame_00012.png",
            "depth_file_path": "depth/frame_00012.npy",
            "transform_matrix": [
                [
                    -0.32184371863718836,
                    0.8974339148715584,
                    -0.30170966588960035,
                    -0.5591351854761778
                ],
                [
                    -0.8868543938211291,
                    -0.17417168962679846,
                    0.42796488323382736,
                    0.2892720992086966
                ],
                [
                    0.33152037868575146,
                    0.4053106105431425,
                    0.8519493114994829,
                    0.4892646447911506
                ],
                [
                    0.0,
                    0.0,
                    0.0,
                    1.0
                ]
            ]
        },
        {
            "fl_x": 616.5684814453125,
            "fl_y": 616.5177001953125,
            "cx": 322.56976318359375,
            "cy": 246.27505493164062,
            "w": 640,
            "h": 480,
            "k1": 0.0,
            "k2": 0.0,
            "k3": 0.0,
            "k4": 0.0,
            "p1": 0.0,
            "p2": 0.0,
            "file_path": "img/frame_00013.png",
            "depth_file_path": "depth/frame_00013.npy",
            "transform_matrix": [
                [
                    0.01952105758445618,
                    0.9995958317948446,
                    -0.02066879758842057,
                    -0.23915403014530695
                ],
                [
                    -0.9988315841022466,
                    0.01858355210201949,
                    -0.04460844414683416,
                    -0.06885042810728241
                ],
                [
                    -0.04420691643374928,
                    0.021515684921562857,
                    0.9987908593164272,
                    0.7550985206073738
                ],
                [
                    0.0,
                    0.0,
                    0.0,
                    1.0
                ]
            ]
        },
        {
            "fl_x": 616.5684814453125,
            "fl_y": 616.5177001953125,
            "cx": 322.56976318359375,
            "cy": 246.27505493164062,
            "w": 640,
            "h": 480,
            "k1": 0.0,
            "k2": 0.0,
            "k3": 0.0,
            "k4": 0.0,
            "p1": 0.0,
            "p2": 0.0,
            "file_path": "img/frame_00014.png",
            "depth_file_path": "depth/frame_00014.npy",
            "transform_matrix": [
                [
                    -0.686073752983668,
                    0.7222890227367804,
                    0.08718531507992357,
                    -0.20180446487328213
                ],
                [
                    -0.7237725206939924,
                    -0.689777011458347,
                    0.019004804761884386,
                    0.0011940137979136178
                ],
                [
                    0.07386474331620875,
                    -0.050063381283509616,
                    0.9960109594614798,
                    0.7688092381133536
                ],
                [
                    0.0,
                    0.0,
                    0.0,
                    1.0
                ]
            ]
        },
        {
            "fl_x": 616.5684814453125,
            "fl_y": 616.5177001953125,
            "cx": 322.56976318359375,
            "cy": 246.27505493164062,
            "w": 640,
            "h": 480,
            "k1": 0.0,
            "k2": 0.0,
            "k3": 0.0,
            "k4": 0.0,
            "p1": 0.0,
            "p2": 0.0,
            "file_path": "img/frame_00015.png",
            "depth_file_path": "depth/frame_00015.npy",
            "transform_matrix": [
                [
                    -0.9542163484443061,
                    -0.2624448521438728,
                    0.14350605166997776,
                    -0.08208979957407711
                ],
                [
                    0.27402100882891656,
                    -0.9593452566654372,
                    0.06759508343565347,
                    -0.006773503906645606
                ],
                [
                    0.1199312454367032,
                    0.10382426568344742,
                    0.9873384480341187,
                    0.7530106177656616
                ],
                [
                    0.0,
                    0.0,
                    0.0,
                    1.0
                ]
            ]
        },
        {
            "fl_x": 616.5684814453125,
            "fl_y": 616.5177001953125,
            "cx": 322.56976318359375,
            "cy": 246.27505493164062,
            "w": 640,
            "h": 480,
            "k1": 0.0,
            "k2": 0.0,
            "k3": 0.0,
            "k4": 0.0,
            "p1": 0.0,
            "p2": 0.0,
            "file_path": "img/frame_00016.png",
            "depth_file_path": "depth/frame_00016.npy",
            "transform_matrix": [
                [
                    0.729038506302899,
                    0.6844552080981994,
                    -0.004907587142640333,
                    -0.24451939010521623
                ],
                [
                    -0.680544440216217,
                    0.7240689412517145,
                    -0.11217444009362976,
                    -0.15864564929061564
                ],
                [
                    -0.07322552675422543,
                    0.08511954223250762,
                    0.9936765589039109,
                    0.7471573201295914
                ],
                [
                    0.0,
                    0.0,
                    0.0,
                    1.0
                ]
            ]
        },
        {
            "fl_x": 616.5684814453125,
            "fl_y": 616.5177001953125,
            "cx": 322.56976318359375,
            "cy": 246.27505493164062,
            "w": 640,
            "h": 480,
            "k1": 0.0,
            "k2": 0.0,
            "k3": 0.0,
            "k4": 0.0,
            "p1": 0.0,
            "p2": 0.0,
            "file_path": "img/frame_00017.png",
            "depth_file_path": "depth/frame_00017.npy",
            "transform_matrix": [
                [
                    0.9989625965612193,
                    0.04474968985725522,
                    0.00842967886517286,
                    -0.17683897401824195
                ],
                [
                    -0.0429917132590684,
                    0.9878535286511712,
                    -0.14932222597902173,
                    -0.20937406779344575
                ],
                [
                    -0.015009990430273115,
                    0.14880514519703156,
                    0.9887528035256843,
                    0.7378389164767922
                ],
                [
                    0.0,
                    0.0,
                    0.0,
                    1.0
                ]
            ]
        },
        {
            "fl_x": 616.5684814453125,
            "fl_y": 616.5177001953125,
            "cx": 322.56976318359375,
            "cy": 246.27505493164062,
            "w": 640,
            "h": 480,
            "k1": 0.0,
            "k2": 0.0,
            "k3": 0.0,
            "k4": 0.0,
            "p1": 0.0,
            "p2": 0.0,
            "file_path": "img/frame_00018.png",
            "depth_file_path": "depth/frame_00018.npy",
            "transform_matrix": [
                [
                    0.813627510720892,
                    -0.5522880186841809,
                    0.18162534030754,
                    -0.1353260607776618
                ],
                [
                    0.5794346278581325,
                    0.7958877620012494,
                    -0.175551807236054,
                    -0.2043641497137685
                ],
                [
                    -0.047598764553635875,
                    0.24807401065517865,
                    0.9675712334868822,
                    0.7440929592434053
                ],
                [
                    0.0,
                    0.0,
                    0.0,
                    1.0
                ]
            ]
        },
        {
            "fl_x": 616.5684814453125,
            "fl_y": 616.5177001953125,
            "cx": 322.56976318359375,
            "cy": 246.27505493164062,
            "w": 640,
            "h": 480,
            "k1": 0.0,
            "k2": 0.0,
            "k3": 0.0,
            "k4": 0.0,
            "p1": 0.0,
            "p2": 0.0,
            "file_path": "img/frame_00019.png",
            "depth_file_path": "depth/frame_00019.npy",
            "transform_matrix": [
                [
                    0.10838921475189117,
                    -0.9800744983826484,
                    0.16645034473128367,
                    -0.17295002574893098
                ],
                [
                    0.9854407369259796,
                    0.08386509875388397,
                    -0.14789615285795063,
                    -0.13208182488968387
                ],
                [
                    0.13098926934009,
                    0.18005755435138326,
                    0.9748955348372739,
                    0.5895534293861204
                ],
                [
                    0.0,
                    0.0,
                    0.0,
                    1.0
                ]
            ]
        },
        {
            "fl_x": 616.5684814453125,
            "fl_y": 616.5177001953125,
            "cx": 322.56976318359375,
            "cy": 246.27505493164062,
            "w": 640,
            "h": 480,
            "k1": 0.0,
            "k2": 0.0,
            "k3": 0.0,
            "k4": 0.0,
            "p1": 0.0,
            "p2": 0.0,
            "file_path": "img/frame_00020.png",
            "depth_file_path": "depth/frame_00020.npy",
            "transform_matrix": [
                [
                    0.1007954895564649,
                    -0.9885565284167963,
                    0.11223303634874666,
                    -0.23047781280243462
                ],
                [
                    0.9850165473148378,
                    0.08328979592556078,
                    -0.15101419805722205,
                    -0.12977340599399037
                ],
                [
                    0.13993758376872212,
                    0.12577320886106994,
                    0.9821398834555467,
                    0.49979825592489446
                ],
                [
                    0.0,
                    0.0,
                    0.0,
                    1.0
                ]
            ]
        },
        {
            "fl_x": 616.5684814453125,
            "fl_y": 616.5177001953125,
            "cx": 322.56976318359375,
            "cy": 246.27505493164062,
            "w": 640,
            "h": 480,
            "k1": 0.0,
            "k2": 0.0,
            "k3": 0.0,
            "k4": 0.0,
            "p1": 0.0,
            "p2": 0.0,
            "file_path": "img/frame_00021.png",
            "depth_file_path": "depth/frame_00021.npy",
            "transform_matrix": [
                [
                    0.4275499288966499,
                    -0.8978994939465643,
                    -0.10477390959817263,
                    -0.35259854890894815
                ],
                [
                    0.7440048518131284,
                    0.4153445058812475,
                    -0.523398730937405,
                    -0.3194201798348536
                ],
                [
                    0.5134760903187161,
                    0.14582709025680046,
                    0.8456219542192756,
                    0.4020762400083722
                ],
                [
                    0.0,
                    0.0,
                    0.0,
                    1.0
                ]
            ]
        }
    ],
    "ply_file_path": "sparse_pc.ply"
}